%parametros
global l1 l2 l3 l4 l5 

l1=0.500;
l2=0.300;
l3=0.550;
l4=0.670;
l5=0.215;
