%parametros
global l1 l2 l3 l4 l5 

l1=0.5;
l2=0.3;
l3=0.55;
l4=0.67;
l5=0.215;
